  -4.27494014008833       -4.27494014008833       -4.27494014008833     
  -4.27494014008833       -4.27494014008833       -2.56496408405300     
  -4.27494014008833       -4.27494014008833      -0.854988028017667     
  -4.27494014008833       -4.27494014008833       0.854988028017667     
  -4.27494014008833       -4.27494014008833        2.56496408405300     
  -4.27494014008833       -2.56496408405300       -4.27494014008833     
  -4.27494014008833       -2.56496408405300       -2.56496408405300     
  -4.27494014008833       -2.56496408405300      -0.854988028017667     
  -4.27494014008833       -2.56496408405300       0.854988028017667     
  -4.27494014008833       -2.56496408405300        2.56496408405300     
  -4.27494014008833      -0.854988028017667       -4.27494014008833     
  -4.27494014008833      -0.854988028017667       -2.56496408405300     
  -4.27494014008833      -0.854988028017667      -0.854988028017667     
  -4.27494014008833      -0.854988028017667       0.854988028017667     
  -4.27494014008833      -0.854988028017667        2.56496408405300     
  -4.27494014008833       0.854988028017667       -4.27494014008833     
  -4.27494014008833       0.854988028017667       -2.56496408405300     
  -4.27494014008833       0.854988028017667      -0.854988028017667     
  -4.27494014008833       0.854988028017667       0.854988028017667     
  -4.27494014008833       0.854988028017667        2.56496408405300     
  -4.27494014008833        2.56496408405300       -4.27494014008833     
  -4.27494014008833        2.56496408405300       -2.56496408405300     
  -4.27494014008833        2.56496408405300      -0.854988028017667     
  -4.27494014008833        2.56496408405300       0.854988028017667     
  -4.27494014008833        2.56496408405300        2.56496408405300     
  -2.56496408405300       -4.27494014008833       -4.27494014008833     
  -2.56496408405300       -4.27494014008833       -2.56496408405300     
  -2.56496408405300       -4.27494014008833      -0.854988028017667     
  -2.56496408405300       -4.27494014008833       0.854988028017667     
  -2.56496408405300       -4.27494014008833        2.56496408405300     
  -2.56496408405300       -2.56496408405300       -4.27494014008833     
  -2.56496408405300       -2.56496408405300       -2.56496408405300     
  -2.56496408405300       -2.56496408405300      -0.854988028017667     
  -2.56496408405300       -2.56496408405300       0.854988028017667     
  -2.56496408405300       -2.56496408405300        2.56496408405300     
  -2.56496408405300      -0.854988028017667       -4.27494014008833     
  -2.56496408405300      -0.854988028017667       -2.56496408405300     
  -2.56496408405300      -0.854988028017667      -0.854988028017667     
  -2.56496408405300      -0.854988028017667       0.854988028017667     
  -2.56496408405300      -0.854988028017667        2.56496408405300     
  -2.56496408405300       0.854988028017667       -4.27494014008833     
  -2.56496408405300       0.854988028017667       -2.56496408405300     
  -2.56496408405300       0.854988028017667      -0.854988028017667     
  -2.56496408405300       0.854988028017667       0.854988028017667     
  -2.56496408405300       0.854988028017667        2.56496408405300     
  -2.56496408405300        2.56496408405300       -4.27494014008833     
  -2.56496408405300        2.56496408405300       -2.56496408405300     
  -2.56496408405300        2.56496408405300      -0.854988028017667     
  -2.56496408405300        2.56496408405300       0.854988028017667     
  -2.56496408405300        2.56496408405300        2.56496408405300     
 -0.854988028017667       -4.27494014008833       -4.27494014008833     
 -0.854988028017667       -4.27494014008833       -2.56496408405300     
 -0.854988028017667       -4.27494014008833      -0.854988028017667     
 -0.854988028017667       -4.27494014008833       0.854988028017667     
 -0.854988028017667       -4.27494014008833        2.56496408405300     
 -0.854988028017667       -2.56496408405300       -4.27494014008833     
 -0.854988028017667       -2.56496408405300       -2.56496408405300     
 -0.854988028017667       -2.56496408405300      -0.854988028017667     
 -0.854988028017667       -2.56496408405300       0.854988028017667     
 -0.854988028017667       -2.56496408405300        2.56496408405300     
 -0.854988028017667      -0.854988028017667       -4.27494014008833     
 -0.854988028017667      -0.854988028017667       -2.56496408405300     
 -0.854988028017667      -0.854988028017667      -0.854988028017667     
 -0.854988028017667      -0.854988028017667       0.854988028017667     
 -0.854988028017667      -0.854988028017667        2.56496408405300     
 -0.854988028017667       0.854988028017667       -4.27494014008833     
 -0.854988028017667       0.854988028017667       -2.56496408405300     
 -0.854988028017667       0.854988028017667      -0.854988028017667     
 -0.854988028017667       0.854988028017667       0.854988028017667     
 -0.854988028017667       0.854988028017667        2.56496408405300     
 -0.854988028017667        2.56496408405300       -4.27494014008833     
 -0.854988028017667        2.56496408405300       -2.56496408405300     
 -0.854988028017667        2.56496408405300      -0.854988028017667     
 -0.854988028017667        2.56496408405300       0.854988028017667     
 -0.854988028017667        2.56496408405300        2.56496408405300     
  0.854988028017667       -4.27494014008833       -4.27494014008833     
  0.854988028017667       -4.27494014008833       -2.56496408405300     
  0.854988028017667       -4.27494014008833      -0.854988028017667     
  0.854988028017667       -4.27494014008833       0.854988028017667     
  0.854988028017667       -4.27494014008833        2.56496408405300     
  0.854988028017667       -2.56496408405300       -4.27494014008833     
  0.854988028017667       -2.56496408405300       -2.56496408405300     
  0.854988028017667       -2.56496408405300      -0.854988028017667     
  0.854988028017667       -2.56496408405300       0.854988028017667     
  0.854988028017667       -2.56496408405300        2.56496408405300     
  0.854988028017667      -0.854988028017667       -4.27494014008833     
  0.854988028017667      -0.854988028017667       -2.56496408405300     
  0.854988028017667      -0.854988028017667      -0.854988028017667     
  0.854988028017667      -0.854988028017667       0.854988028017667     
  0.854988028017667      -0.854988028017667        2.56496408405300     
  0.854988028017667       0.854988028017667       -4.27494014008833     
  0.854988028017667       0.854988028017667       -2.56496408405300     
  0.854988028017667       0.854988028017667      -0.854988028017667     
  0.854988028017667       0.854988028017667       0.854988028017667     
  0.854988028017667       0.854988028017667        2.56496408405300     
  0.854988028017667        2.56496408405300       -4.27494014008833     
  0.854988028017667        2.56496408405300       -2.56496408405300     
  0.854988028017667        2.56496408405300      -0.854988028017667     
  0.854988028017667        2.56496408405300       0.854988028017667     
  0.854988028017667        2.56496408405300        2.56496408405300     
   2.56496408405300       -4.27494014008833       -4.27494014008833     
   2.56496408405300       -4.27494014008833       -2.56496408405300     
   2.56496408405300       -4.27494014008833      -0.854988028017667     
   2.56496408405300       -4.27494014008833       0.854988028017667     
   2.56496408405300       -4.27494014008833        2.56496408405300     
   2.56496408405300       -2.56496408405300       -4.27494014008833     
   2.56496408405300       -2.56496408405300       -2.56496408405300     
   2.56496408405300       -2.56496408405300      -0.854988028017667     
   2.56496408405300       -2.56496408405300       0.854988028017667     
   2.56496408405300       -2.56496408405300        2.56496408405300     
   2.56496408405300      -0.854988028017667       -4.27494014008833     
   2.56496408405300      -0.854988028017667       -2.56496408405300     
   2.56496408405300      -0.854988028017667      -0.854988028017667     
   2.56496408405300      -0.854988028017667       0.854988028017667     
   2.56496408405300      -0.854988028017667        2.56496408405300     
   2.56496408405300       0.854988028017667       -4.27494014008833     
   2.56496408405300       0.854988028017667       -2.56496408405300     
   2.56496408405300       0.854988028017667      -0.854988028017667     
   2.56496408405300       0.854988028017667       0.854988028017667     
   2.56496408405300       0.854988028017667        2.56496408405300     
   2.56496408405300        2.56496408405300       -4.27494014008833     
   2.56496408405300        2.56496408405300       -2.56496408405300     
   2.56496408405300        2.56496408405300      -0.854988028017667     
   2.56496408405300        2.56496408405300       0.854988028017667     
   2.56496408405300        2.56496408405300        2.56496408405300     
