 #  Velocities components (x, y, z) and modulus (v) for the last 10% of the simu
 lation
 #  v_x, v_y, v_z, v
  0.102627972531452       5.524698801398627E-002  1.825420282078106E-002
  0.117974346156935     
  7.743964379435117E-002  0.242982789341454       0.169162080553709     
  0.306028338302858     
  0.388020448551664       0.210751622868135      -0.127840064151447     
  0.459694678061464     
 -0.145338209141764      -0.136499607985527       0.334191116987873     
  0.389151693675281     
  0.124682436997954       0.179225631705682      -5.194052216002972E-003
  0.218390740038291     
 -0.148258450900631      -3.827644458644315E-002  8.331016430113398E-002
  0.174316487887738     
  0.191744601726635      -7.377808863032170E-002 -0.214865749742407     
  0.297281834402333     
 -7.951222735373077E-002 -0.340124701948307      -0.120644917734060     
  0.369543236102671     
  6.444911859414995E-002 -0.165060183313906      -0.116778706189017     
  0.212216444278863     
  3.792949192985313E-002  0.193588410284066      -1.346650498222278E-002
  0.197728262296529     
 -0.293074984983855      -0.195078317585479       0.217420774577386     
  0.413787735479314     
 -0.178256272245154      -0.104850509620987       0.260948736040208     
  0.332961215164021     
 -3.789663321510757E-002 -0.192151425322020      -0.434954339635888     
  0.477015306494892     
 -0.517185119229165       0.133877839241210      -0.267871399363424     
  0.597627651626747     
 -0.157056429747541      -0.114366304660275      -0.688284538684749     
  0.715179683687372     
  0.347354254086911      -7.902893673602744E-002  0.149822334848532     
  0.386454761509504     
 -0.247336402857051       0.126353151309377       0.415163760944026     
  0.499501114538560     
 -0.141280900712835       9.456394057139816E-002  0.170661712512834     
  0.240890124082400     
 -3.024699402943578E-002  0.280980797356831      -0.166455065446567     
  0.327982282972599     
 -9.811868145936285E-002  2.907590527225749E-003 -0.134958924067263     
  0.166882116835181     
 -3.380118563556697E-002  0.156581274037357      -0.246991500655456     
  0.294389226918320     
 -0.157858850888168       0.404229894412384      -0.197305167259371     
  0.476708037867653     
  1.354277328927041E-002 -0.162514811979941       1.632285250432322E-002
  0.163892972195632     
 -0.246446271206902       0.135896462964686       6.403228760601416E-002
  0.288623885176119     
 -0.110161052115259      -7.434436312274127E-002  7.680760547204711E-002
  0.153499022764370     
 -2.578171534439554E-002  1.453510675955350E-002 -1.123474367797043E-002
  3.165731574408599E-002
  5.738325538318016E-002  0.119887748850605       0.177205026235008     
  0.221511922130135     
  0.239489219508613       1.731233248228356E-002 -0.277887893355442     
  0.367255339498757     
  5.843606473550161E-004  1.123197210202027E-003  8.120344200678388E-002
  8.121331198201619E-002
  8.669166856889379E-002 -3.846098733731246E-002 -3.395250316991979E-002
  0.100734628692040     
 -0.317076805280691      -0.210606838399544       0.211542864828645     
  0.435480567290403     
 -0.150636122113598       2.716798677011084E-002 -8.733256395391090E-002
  0.176228027048275     
 -0.390453460985113      -0.105933016159206      -0.344004441059460     
  0.531050623365109     
 -5.245674450221067E-002 -0.145977427958395       2.329957011889337E-002
  0.156856588911157     
 -0.136319909126772       0.395576931741472       9.850998311876653E-002
  0.429846999901579     
 -0.135186940514270       6.289450643033624E-002 -0.228943429865070     
  0.273214790783930     
  0.142479491142547      -8.472226252957366E-002  1.842865252511470E-002
  0.166786937133160     
 -0.407074732394324      -0.102429698124482       0.404137265223334     
  0.582690835652989     
  0.136698269506357      -2.122067670300069E-002 -7.104446310026309E-004
  0.138337409030745     
  7.303650333680664E-002 -2.409685761182865E-002  2.928494541995189E-002
  8.229579208368842E-002
  0.302857958708380       0.286667637024441       0.212470655689536     
  0.468022496039800     
 -0.286127753681113      -2.195375496687579E-002  0.340884668944169     
  0.445593330633348     
 -0.484754121078052      -0.224584907454929      -2.873024569715032E-002
  0.535023705621080     
 -9.557499994428718E-002 -0.117000571737375      -6.830556718632463E-002
  0.165799170413693     
  0.337669910319978       1.023815616576072E-002 -0.150992555725128     
  0.370033160759387     
  0.147365497776746      -0.265123127019994       2.762209713292918E-002
  0.304581422062917     
  0.351062424036335      -6.424615590983501E-002 -8.052817270180636E-002
  0.365864976074713     
 -1.714984259442534E-002 -0.125882470391788      -2.603489820610564E-002
  0.129685501801687     
  0.152848208126964       4.501148648907388E-002 -0.245171425460397     
  0.292399788826638     
  4.204558982046915E-002  8.845685620615520E-002 -0.300388989854985     
  0.315952515830030     
  0.188061469389680      -0.322862960705099      -0.309639551303962     
  0.485267204121592     
 -1.450545875838248E-002  0.131109466852174       0.319419295876166     
  0.345584703379762     
  7.636118391454716E-002 -0.143004910201397       0.229053718874194     
  0.280619031572414     
  8.972209254751219E-002 -0.288576965792090      -0.103195582243629     
  0.319336886800563     
 -6.129976038471906E-002  0.429346425768618      -0.130416811821621     
  0.452884708009916     
 -6.597884021132101E-002  0.197148326500794       0.291663045284433     
  0.358173145255593     
 -4.992532859276810E-003  0.145591758147269       0.215246580420309     
  0.259909553128392     
  4.843452675025382E-002  0.340689698227205      -7.066401596822416E-002
  0.351295853964180     
 -9.190521159473547E-002  0.117498705666884      -8.214967348533547E-002
  0.170297042268541     
 -0.341738982291216      -3.745677975824085E-002  0.213922021696576     
  0.404908846203739     
 -0.129978839660302       1.444243235137549E-002  0.124242149574355     
  0.180386236566205     
  0.317761681862097      -8.572448766126017E-003  0.197591060536700     
  0.374283583051267     
 -0.275905845641913      -8.430330422669649E-002  8.893936297658375E-002
  0.301896162694392     
 -0.143962608367985      -7.904977471403899E-003  0.166980964496979     
  0.220613607425469     
 -0.101182340549571      -4.877712164645676E-002  3.155896242547094E-002
  0.116674940516698     
  0.144912050740899       9.090907767303079E-002  0.136037671999377     
  0.218563974744934     
  0.256909777700661       8.941789000509121E-002  0.176075285534608     
  0.324038113664519     
 -0.372642458009155      -8.527978960888274E-002  0.361895287625120     
  0.526405968081773     
  0.214834316503474      -0.296804642767507       0.251525402831417     
  0.444423005463679     
 -0.337092007203398      -0.130541097458513      -2.549821403834368E-002
  0.362383992976006     
 -0.258925950721610      -0.132516360867966      -6.914475255393771E-002
  0.298971956311163     
  0.127543113844735      -0.211415240012615      -6.178666542734735E-005
  0.246908188232781     
 -9.858420979102801E-002 -0.439746613310532      -0.209986471816964     
  0.497182309303480     
  0.196850581033079      -0.154317365450436       0.343219178337051     
  0.424692129560915     
  0.102519788425157       9.829809549494176E-002 -9.088976764118076E-002
  0.168623167027961     
  0.346502054838110      -0.100578385081323      -5.727826307178094E-002
  0.365322439733887     
 -3.672264835164474E-002 -2.482538597507061E-002  9.615563941466236E-002
  0.105880874958665     
 -8.315610106044067E-003 -0.325578057385389       0.174404029634678     
  0.369441451890679     
  1.357496211983878E-002  0.227686422589539       0.253234343687340     
  0.340812293573655     
 -0.320964024158501      -0.237582750424291      -2.362205927218091E-002
  0.400026836334074     
  0.278392205751056       2.937550816940256E-002 -1.061530620627178E-002
  0.280138939508598     
  0.172736866222632      -0.119839508382129       0.115228501219298     
  0.239743905480268     
 -0.170129365227311       0.139215368233595       0.219358331160479     
  0.310552728396602     
  1.281377768115162E-002 -0.104623880223651       6.367008492891146E-002
  0.123143123747815     
  0.163333100480527       1.068148938480616E-002  4.531902343831121E-002
  0.169839953525258     
 -0.260680594446953      -0.140744759456334       0.187292166506324     
  0.350487967368740     
  0.164128729074425       5.481821216679599E-002  7.067391347757780E-002
  0.186917302941664     
  4.886250848976019E-002  3.353818295422883E-002 -0.152019303949915     
  0.163163179747147     
  0.209891765789631      -0.103991655550285      -4.915828182595133E-002
  0.239343590769542     
  6.784423268518322E-002 -0.239073089770483      -0.122902523873092     
  0.277243237131986     
 -0.202642070608268      -0.115748807012096      -0.161796239219543     
  0.283971157216216     
 -0.118166214274273      -0.130287949956280      -3.805835123363877E-002
  0.179962891170226     
  0.106542149444852       0.114679799670552       0.330053590991512     
  0.365291745030188     
  8.609712752201241E-002 -0.225228510406463      -0.259422217874114     
  0.354175781772526     
  0.434651014172817      -0.102436509292173      -0.209098154406141     
  0.493089019076148     
  9.348620131890631E-002 -6.997083203759380E-002  0.169908852807464     
  0.206166450799883     
  0.150933905007842       2.140138743471017E-002 -3.810084408096896E-003
  0.152491245021620     
 -0.193968749125387       0.127009822847236       3.630110223926943E-002
  0.234676672809079     
 -0.412164101045694      -0.108550821257767      -5.017961889439124E-002
  0.429162581242735     
 -4.293661786721605E-002 -0.185194955722724       0.158180281745578     
  0.247308969332144     
 -4.619056405794096E-004 -0.195737450725126      -0.171557896800314     
  0.260279609127836     
 -0.277374534280210       3.993872819496923E-002 -0.134387570477482     
  0.310792138536089     
  0.241890158185788       0.206083607703031      -1.998612791815148E-002
  0.318403434812194     
 -0.330979419869676      -3.418258413114451E-003 -0.105341438675985     
  0.347355552093488     
 -0.121219107027498      -8.044928874179046E-002  0.157578341243598     
  0.214469330200586     
 -3.160180572841718E-002 -7.323197663451129E-002  0.146534598477489     
  0.166835203353648     
  0.354190583929756      -0.376619594718443      -4.440741898774336E-002
  0.518907802727555     
 -3.836903630203144E-002 -0.169157075874860       0.105085246805756     
  0.202803373644293     
  1.771084563018394E-002  0.278844394365156       7.137552504687393E-002
  0.288378806255806     
 -0.116016795053540       5.664795914696522E-002  0.178187299974113     
  0.220044545222271     
 -7.040309344043892E-002 -5.496045078721136E-002 -0.174033739642386     
  0.195614389170711     
  0.105827361500503      -3.121604203685726E-002  0.268647413799691     
  0.290422631115186     
  0.267612482576721       1.667040546088662E-002 -0.249081788909091     
  0.365972786987310     
  5.600514078079944E-002  0.159942762378423       0.116632553883398     
  0.205721694666561     
 -0.110573594585864       0.111139623646726      -0.142169832812672     
  0.211638364022117     
 -3.054504940738909E-002 -3.186632322959882E-002  6.628901197676497E-002
  7.964104286314186E-002
 -8.218838665614257E-002 -8.784994872474045E-002  0.344870504303594     
  0.365250885188106     
  0.300541470578986       0.391392657399995       0.141388540341544     
  0.513326511242427     
 -0.146515838059470       0.111696731007632       5.230906986755809E-002
  0.191518378518797     
 -0.120614738496553      -0.417245506903775       0.134379972006251     
  0.454642392491484     
 -0.120443791858311       1.702866418516032E-002  4.896609706958581E-002
  0.131127270479360     
 -7.380484652254912E-002  0.100770225728729      -0.166233053527065     
  0.207930810243619     
 -0.270444170354630      -0.166483313467946       7.048543725301591E-002
  0.325307454274905     
  6.469337326808698E-002  0.143146901200806      -6.231276942316589E-002
  0.168994523879864     
  0.118401855275196       3.313452984658100E-002  6.714007475235204E-002
  0.140088136680141     
 
 
