   1.35839810719853       -1.35839810719853       -1.35839810719853     
  -1.35839810719853       -1.35839810719853       -1.35839810719853     
   1.35839810719853       -1.35839810719853        1.35839810719853     
  -1.35839810719853        1.35839810719853        1.35839810719853     
   1.35839810719853       -1.35839810719853       -1.35839810719853     
   1.35839810719853       -1.35839810719853       -1.35839810719853     
   1.35839810719853       -1.35839810719853       -1.35839810719853     
   1.35839810719853        1.35839810719853        1.35839810719853     
   1.35839810719853        1.35839810719853        1.35839810719853     
  -1.35839810719853        1.35839810719853        1.35839810719853     
  -1.35839810719853        1.35839810719853       -1.35839810719853     
   1.35839810719853       -1.35839810719853       -1.35839810719853     
   1.35839810719853       -1.35839810719853        1.35839810719853     
  -1.35839810719853        1.35839810719853       -1.35839810719853     
  -1.35839810719853       -1.35839810719853        1.35839810719853     
   1.35839810719853       -1.35839810719853        1.35839810719853     
  -1.35839810719853        1.35839810719853        1.35839810719853     
   1.35839810719853        1.35839810719853       -1.35839810719853     
   1.35839810719853       -1.35839810719853       -1.35839810719853     
   1.35839810719853        1.35839810719853        1.35839810719853     
  -1.35839810719853        1.35839810719853        1.35839810719853     
   1.35839810719853        1.35839810719853       -1.35839810719853     
   1.35839810719853       -1.35839810719853       -1.35839810719853     
   1.35839810719853       -1.35839810719853       -1.35839810719853     
   1.35839810719853        1.35839810719853       -1.35839810719853     
   1.35839810719853       -1.35839810719853       -1.35839810719853     
  -1.35839810719853       -1.35839810719853        1.35839810719853     
  -1.35839810719853        1.35839810719853       -1.35839810719853     
  -1.35839810719853       -1.35839810719853        1.35839810719853     
   1.35839810719853       -1.35839810719853        1.35839810719853     
   1.35839810719853        1.35839810719853       -1.35839810719853     
   1.35839810719853        1.35839810719853       -1.35839810719853     
  -1.35839810719853        1.35839810719853       -1.35839810719853     
   1.35839810719853        1.35839810719853       -1.35839810719853     
  -1.35839810719853        1.35839810719853        1.35839810719853     
   1.35839810719853       -1.35839810719853        1.35839810719853     
  -1.35839810719853        1.35839810719853       -1.35839810719853     
   1.35839810719853        1.35839810719853       -1.35839810719853     
  -1.35839810719853       -1.35839810719853        1.35839810719853     
  -1.35839810719853       -1.35839810719853        1.35839810719853     
   1.35839810719853        1.35839810719853       -1.35839810719853     
  -1.35839810719853       -1.35839810719853       -1.35839810719853     
  -1.35839810719853       -1.35839810719853        1.35839810719853     
   1.35839810719853        1.35839810719853        1.35839810719853     
  -1.35839810719853       -1.35839810719853       -1.35839810719853     
  -1.35839810719853       -1.35839810719853       -1.35839810719853     
  -1.35839810719853       -1.35839810719853       -1.35839810719853     
  -1.35839810719853       -1.35839810719853        1.35839810719853     
  -1.35839810719853       -1.35839810719853       -1.35839810719853     
   1.35839810719853       -1.35839810719853       -1.35839810719853     
   1.35839810719853        1.35839810719853        1.35839810719853     
   1.35839810719853       -1.35839810719853       -1.35839810719853     
   1.35839810719853       -1.35839810719853        1.35839810719853     
  -1.35839810719853        1.35839810719853       -1.35839810719853     
  -1.35839810719853        1.35839810719853       -1.35839810719853     
   1.35839810719853       -1.35839810719853        1.35839810719853     
  -1.35839810719853       -1.35839810719853       -1.35839810719853     
   1.35839810719853       -1.35839810719853        1.35839810719853     
   1.35839810719853        1.35839810719853        1.35839810719853     
   1.35839810719853       -1.35839810719853       -1.35839810719853     
  -1.35839810719853        1.35839810719853        1.35839810719853     
  -1.35839810719853       -1.35839810719853        1.35839810719853     
   1.35839810719853       -1.35839810719853       -1.35839810719853     
   1.35839810719853        1.35839810719853        1.35839810719853     
   1.35839810719853       -1.35839810719853        1.35839810719853     
  -1.35839810719853       -1.35839810719853        1.35839810719853     
  -1.35839810719853        1.35839810719853        1.35839810719853     
   1.35839810719853        1.35839810719853       -1.35839810719853     
  -1.35839810719853       -1.35839810719853        1.35839810719853     
  -1.35839810719853       -1.35839810719853       -1.35839810719853     
   1.35839810719853        1.35839810719853       -1.35839810719853     
   1.35839810719853       -1.35839810719853       -1.35839810719853     
   1.35839810719853        1.35839810719853        1.35839810719853     
   1.35839810719853        1.35839810719853        1.35839810719853     
  -1.35839810719853        1.35839810719853        1.35839810719853     
  -1.35839810719853        1.35839810719853       -1.35839810719853     
   1.35839810719853        1.35839810719853       -1.35839810719853     
  -1.35839810719853        1.35839810719853        1.35839810719853     
  -1.35839810719853       -1.35839810719853        1.35839810719853     
  -1.35839810719853       -1.35839810719853       -1.35839810719853     
   1.35839810719853        1.35839810719853        1.35839810719853     
  -1.35839810719853        1.35839810719853       -1.35839810719853     
  -1.35839810719853        1.35839810719853       -1.35839810719853     
   1.35839810719853        1.35839810719853        1.35839810719853     
   1.35839810719853        1.35839810719853        1.35839810719853     
   1.35839810719853       -1.35839810719853       -1.35839810719853     
   1.35839810719853       -1.35839810719853       -1.35839810719853     
  -1.35839810719853       -1.35839810719853        1.35839810719853     
  -1.35839810719853        1.35839810719853        1.35839810719853     
   1.35839810719853        1.35839810719853        1.35839810719853     
   1.35839810719853        1.35839810719853        1.35839810719853     
   1.35839810719853        1.35839810719853       -1.35839810719853     
   1.35839810719853       -1.35839810719853       -1.35839810719853     
   1.35839810719853       -1.35839810719853       -1.35839810719853     
  -1.35839810719853       -1.35839810719853       -1.35839810719853     
  -1.35839810719853       -1.35839810719853        1.35839810719853     
   1.35839810719853        1.35839810719853        1.35839810719853     
  -1.35839810719853       -1.35839810719853       -1.35839810719853     
  -1.35839810719853       -1.35839810719853       -1.35839810719853     
   1.35839810719853        1.35839810719853        1.35839810719853     
   1.35839810719853        1.35839810719853        1.35839810719853     
   1.35839810719853        1.35839810719853        1.35839810719853     
   1.35839810719853       -1.35839810719853        1.35839810719853     
   1.35839810719853       -1.35839810719853        1.35839810719853     
  -1.35839810719853       -1.35839810719853       -1.35839810719853     
   1.35839810719853       -1.35839810719853       -1.35839810719853     
   1.35839810719853       -1.35839810719853        1.35839810719853     
   1.35839810719853       -1.35839810719853        1.35839810719853     
  -1.35839810719853       -1.35839810719853       -1.35839810719853     
  -1.35839810719853        1.35839810719853       -1.35839810719853     
  -1.35839810719853       -1.35839810719853       -1.35839810719853     
  -1.35839810719853        1.35839810719853        1.35839810719853     
  -1.35839810719853       -1.35839810719853        1.35839810719853     
  -1.35839810719853       -1.35839810719853       -1.35839810719853     
  -1.35839810719853       -1.35839810719853        1.35839810719853     
   1.35839810719853        1.35839810719853        1.35839810719853     
   1.35839810719853        1.35839810719853       -1.35839810719853     
   1.35839810719853       -1.35839810719853       -1.35839810719853     
   1.35839810719853       -1.35839810719853        1.35839810719853     
   1.35839810719853        1.35839810719853        1.35839810719853     
   1.35839810719853       -1.35839810719853       -1.35839810719853     
   1.35839810719853        1.35839810719853       -1.35839810719853     
   1.35839810719853       -1.35839810719853       -1.35839810719853     
  -1.35839810719853        1.35839810719853        1.35839810719853     
   1.35839810719853       -1.35839810719853       -1.35839810719853     
